 1.216  2.547  3.920  5.180  5.797  6.436  7.088  7.740  8.382  9.627
 1.250  2.613  4.013  5.290  5.914  6.560  7.220  7.878  8.523  9.762
 1.294  2.702  4.139  5.437  6.067  6.721  7.388  8.053  8.706  9.949
 1.295  2.702  4.131  5.415  6.037  6.681  7.336  7.989  8.632  9.867
 1.352  2.824  4.312  5.630  6.265  6.922  7.591  8.257  8.916 10.214
 1.387  2.911  4.464  5.833  6.494  7.183  7.886  8.590  9.291 10.699
 1.521  3.213  4.961  6.493  7.216  7.974  8.755  9.546 10.343 11.965
 1.601  3.401  5.231  6.816  7.601  8.422  9.269 10.133 11.017 12.897
 1.456  3.074  4.716  6.170  6.893  7.647  8.418  9.207 10.014 11.728
 1.191  2.466  3.727  4.864  5.427  6.004  6.589  7.182  7.786  9.048
